0.0030779838562012 секунд 
	0.0027611255645752 секунд 
	0.0019819736480713 секунд 
	0.0027530193328857 секунд 
	0.002335786819458 секунд 
	0.0017960071563721 секунд 
	0.0029480457305908
	0.0021889209747314
	0.0018868446350098
	0.0017910003662109
	0.0023961067199707
	0.0022470951080322
	0.0024459362030029
	0.0022051334381104
	0.0021359920501709
	0.0024070739746094
	0.0019690990447998
	0.0029141902923584
	0.0019590854644775
	0.0026719570159912
	0.0033180713653564
	0.0023460388183594
	0.001896858215332
	0.0021851062774658
	0.0028810501098633
	0.0019919872283936
	0.002310037612915
	0.003162145614624
	0.0026481151580811
	0.0029017925262451
	0.0026381015777588
	0.0011608600616455
	0.0013828277587891
	0.0016460418701172
	0.0012438297271729
	0.0019969940185547
	0.0011658668518066
	0.00091791152954102
	0.0010490417480469
	0.0013070106506348
	